HEADER|DTP1.00 |      168312|         394|        |XSHG03|20151105-14:27:22.420|0|T10     
M0301|11000289|       13881|            2273|       143277.00|     0.0019|     0.0087|     0.0198|           0|     0.0205|     0.0010|     0.0198|     0.0198|           1|     0.0200|          33|     0.0068|          35|     0.0203|           2|     0.0067|          22|     0.0205|          23|     0.0045|          52|     0.0207|           1|     0.0043|           1|     0.0410|          10|     0.0000|T 0 |14:26:00.810
M0301|11000290|        6394|             234|         2666.00|     0.0019|     0.0002|     0.0005|           0|     0.0102|     0.0001|     0.0010|           |           0|           |           0|           |            |           |            |           |            |           |            |           |            |           |            |           |            |           |            |     0.0000|V 0 |14:26:38.900
M0301|11000291|        4332|             270|       225194.00|     0.0019|     0.0002|     0.0250|           0|     0.2100|     0.0001|     0.0040|           |           0|           |           0|           |            |           |            |           |            |           |            |           |            |           |            |           |            |           |            |     0.0000|V 0 |14:24:52.520
M0301|11000292|        3749|             358|       107077.00|     0.0011|     0.0002|     0.0031|           1|     0.0888|     0.0001|     0.0047|     0.0047|           1|     0.0047|           1|           |            |           |            |           |            |           |            |           |            |           |            |           |            |           |            |     0.0000|V 0 |14:25:52.430
M0301|11000293|        4211|             328|       350747.00|     0.0011|     0.0002|     0.0492|           0|     0.2063|     0.0001|     0.0492|     0.0004|           5|     0.0738|           1|     0.0003|          27|     0.0982|          31|     0.0002|          15|     0.1968|          96|     0.0001|         148|     0.2063|          48|           |           0|           |           0|     0.0000|T 0 |14:19:19.780
M0301|11000294|        5954|            4010|     33349865.00|     0.8041|     0.7640|     0.7640|           0|     1.1267|     0.4815|     0.7508|     0.7568|          10|     1.0837|           6|     0.7509|           5|     1.0943|           1|     0.7508|          17|     1.0964|           1|     0.7507|          49|     1.0984|          20|     0.7506|          22|     1.0985|           1|     0.0000|T 0 |14:26:52.430
M0301|11000295|        4554|            1329|      9910648.00|     0.8956|     0.8510|     0.8510|           0|     1.0110|     0.5730|     0.9743|     0.6018|           7|     0.6020|           1|     0.5730|          10|     0.6622|          10|           |           0|     1.1799|          27|           |           0|     1.1800|          31|           |           0|     1.2000|          50|     0.0000|T 0 |14:24:47.730
M0301|11000296|        4101|             455|      3592012.00|     0.9740|     0.8849|     0.8849|           0|     1.2690|     0.6514|     0.7405|     0.6800|          91|     0.7405|           5|     0.6732|           5|     0.8883|          10|           |           0|           |           0|           |           0|           |           0|           |           0|           |           0|     0.0000|T 0 |14:26:37.430
M0301|11000297|        4052|             805|      7245372.00|     1.0740|     1.0082|     1.0082|           0|     1.3966|     0.7514|     0.8840|     0.8838|           5|     0.8840|          10|           |           0|     0.9820|          28|           |           0|     1.3966|           1|           |           0|           |           0|           |           0|           |           0|     0.0000|T 0 |14:27:13.240
M0301|11000298|        2934|            1427|     17559434.00|     1.1740|     1.1028|     1.1028|           0|     1.4966|     0.8514|     1.2726|     1.2726|          10|     1.4950|           6|     0.8534|          58|     1.4965|          19|     0.8533|          20|     1.4966|          24|     0.8514|          18|           |           0|           |           0|           |           0|     0.0000|T 0 |14:23:35.240
M0301|11000305|        5612|             824|       527287.00|     0.0011|     0.0002|     0.0239|           2|     0.1956|     0.0001|     0.0004|     0.0239|           2|     0.0239|           2|           |            |           |          67|           |            |           |            |           |            |           |            |           |            |           |            |     0.0000|V 0 |14:25:22.860
M0301|11000306|        3550|             731|     10290045.00|     1.2843|     1.2202|     1.2202|           0|     1.6069|     0.9617|     1.3718|     1.3718|          10|     1.6063|         288|           |           0|     1.6069|          33|           |           0|           |           0|           |           0|           |           0|           |           0|           |           0|     0.0000|T 0 |14:23:19.380
M0301|11000307|        3652|             361|       274927.00|     0.0019|     0.0002|     0.0208|           0|     0.2500|     0.0001|     0.0200|     0.0002|           5|     0.0200|          48|           |           0|     0.0312|           1|           |           0|     0.2500|          32|           |           0|           |           0|           |           0|           |           0|     0.0000|T 0 |14:19:49.430
M0301|11000308|        3605|            1084|      5203426.00|     0.7092|     0.6739|     0.6739|           0|     0.7773|     0.3866|     0.7773|     0.5500|          90|     1.0000|          20|     0.4500|          81|     1.0109|           1|     0.4356|           1|           |           0|     0.3997|          10|           |           0|           |           0|           |           0|     0.0000|T 0 |14:24:55.470
M0301|11000309|        3391|             438|       416581.00|     0.0027|     0.0002|     0.0057|           0|     0.2500|     0.0001|     0.0080|     0.0028|           1|     0.0086|           1|     0.0026|           2|     0.0137|           5|     0.0001|         193|     0.0999|         150|           |           0|     0.2500|          97|           |           0|           |           0|     0.0000|T 0 |14:27:14.640
M0301|11000310|        3674|            3182|     21021386.00|     0.6906|     0.5031|     0.5010|           0|     1.0132|     0.3680|     1.0132|           |           0|           |           0|           |            |           |            |           |            |           |            |           |            |           |            |           |            |           |            |     0.0000|V 0 |14:25:04.160
M0301|11000323|        5948|             188|        65396.00|     0.0005|     0.0002|     0.0109|           0|     0.0888|     0.0001|     0.0109|     0.0002|           4|     0.0106|           5|     0.0001|         186|     0.0120|           5|           |           0|     0.0164|           1|           |           0|     0.0888|          20|           |           0|     0.1111|          23|     0.0000|T 0 |14:21:33.240
M0301|11000324|        3653|             113|        58501.00|     0.0005|     0.0002|     0.0001|           0|     0.1111|     0.0001|     0.0001|     0.0005|          10|     0.0006|           1|     0.0001|         274|     0.0217|           5|           |           0|     0.0220|          40|           |           0|     0.0481|           5|           |           0|     0.0489|           5|     0.0000|T 0 |14:05:31.680
M0301|11000325|        2216|             634|      9163405.00|     1.3806|     1.3117|     1.3117|           0|     1.7032|     1.0580|     1.1000|     1.0580|          20|     1.7032|          26|           |           0|           |           0|           |           0|           |           0|           |           0|           |           0|           |           0|           |           0|     0.0000|T 0 |14:26:44.730
M0301|11000326|        1774|             559|      8832504.00|     1.4756|     1.4020|     1.4020|           0|     1.7982|     1.1531|     1.1533|     1.1534|          24|     1.7982|          16|     1.1533|          27|           |           0|     1.1532|          33|           |           0|     1.1531|           6|           |           0|     1.1530|          11|           |           0|     0.0000|T 0 |14:05:37.260
M0301|11000355|        3119|             102|        39137.00|     0.0005|     0.0002|     0.0250|           0|     0.1000|     0.0001|     0.0250|     0.0125|           1|     0.0250|          19|     0.0018|           5|     0.0375|           1|     0.0016|           1|     0.0476|           1|     0.0001|         299|     0.1000|           8|           |           0|     0.1111|          58|     0.0000|T 0 |14:27:15.620
M0301|11000356|        4075|             110|       142689.00|     0.0005|     0.0002|     0.0010|           0|     0.1557|     0.0002|     0.0010|     0.0009|          10|     0.0010|           2|     0.0005|           1|     0.0015|           1|     0.0001|         201|     0.0788|           6|           |           0|     0.1400|          40|           |           0|     0.1557|          65|     0.0000|T 0 |14:21:52.150
M0301|11000357|        2809|             638|     10641551.00|     1.5740|     1.4948|     1.4948|           0|     1.8966|     1.2514|     1.2515|     1.2516|           5|     1.8947|           1|     1.2515|         104|     1.8965|         100|     1.2514|          13|     1.8966|         106|           |           0|           |           0|           |           0|           |           0|     0.0000|T 0 |14:23:32.340
M0301|11000358|        2007|             495|      7493906.00|     1.6740|     1.5863|     1.5863|           0|     1.7686|     1.3514|     1.7686|           |           0|           |           0|           |           0|           |           0|           |           0|           |           0|           |           0|           |           0|           |           0|           |           0|     0.0000|T 0 |14:24:45.470
M0301|11000385|        4152|             111|         5535.00|     0.0035|     0.0002|     0.0079|           0|     0.0233|     0.0002|     0.0119|           |           0|           |           0|           |            |           |            |           |            |           |            |           |            |           |            |           |            |           |            |     0.0000|V 0 |14:26:28.020
M0301|11000386|        3348|             638|       940147.00|     0.0027|     0.0002|     0.0156|           0|     0.2750|     0.0001|     0.0156|     0.0078|           1|     0.0156|           1|     0.0035|           1|     0.0199|           5|     0.0011|          10|     0.0202|           5|           |           0|     0.0234|           1|           |           0|     0.2750|         210|     0.0000|T 0 |14:15:42.420
M0301|11000387|        4425|             733|      1349807.00|     0.3821|     0.3631|     0.3117|           0|     0.4676|     0.0595|     0.4676|           |           0|           |           0|           |            |           |            |           |            |           |            |           |            |           |            |           |            |           |            |     0.0000|V 0 |14:25:17.690
M0301|11000388|        3018|            1164|      8836693.00|     0.5226|     0.4966|     0.3000|           0|     0.8452|     0.2000|     0.8360|           |           0|           |           0|           |            |           |            |           |            |           |            |           |            |           |            |           |            |           |            |     0.0000|V 0 |14:25:04.280
M0301|11000393|        2793|             369|       573431.00|     0.0061|     0.0002|     0.0303|           0|     0.3000|     0.0001|     0.0157|     0.0151|           1|     0.0440|           5|     0.0037|          13|     0.0455|           1|     0.0036|           2|   0|         lllllllll  |    



       0  |          
oooooooo
ooooo
ooooo
o
ooooo
ooooo
o
ooooo
iiiiiiiiiiiiiiiiiiiiiiiiiiiooooo
ooooooo
ooooo
ooooo
o
ooooo
ooooo
o
ooooo
ooooo
ooooooo
ooooo
ooooo
o
ooooo
ooooo
o
ooooo
ooooo
ooooooo
ooooo
ooooo
o
ooooo
ooooo
o
ooooo
ooooo
ooooooo
ooooo
ooooo
o
ooooo
ooooo
o
ooooo
ooooo
ooooooo
ooooo
ooooo
o
ooooo
ooooo
o
ooooo
ooooo
ooooooo
ooooo
ooooo
o
ooooo
ooooo
o
ooooo
ooooo
ooooooo
ooooo
ooooo
o
ooooo
ooooo
o
ooooo
ooooo
ooooooo
ooooo
ooooo
o
ooooo
ooooo
o
ooooo
ooooo
ooooooo
ooooo
ooooo
o
ooooo
ooooo
o
ooooo
ooooo
ooooooo
ooooo
ooooo
o
ooooo
ooooo
o
ooooo
ooooo
ooooooo
ooooo
ooooo
o
ooooo
ooooo
o
ooooo
ooooo
ooooooo
ooooo
ooooo
o
ooooo
ooooo
o
ooooo
ooooo
ooooooo
ooooo
ooooo
o
ooooo
ooooo
o
ooooo
ooooo
ooooooo
ooooo
ooooo
o
ooooo
ooooo
o
ooooo
ooooo
ooooooo
ooooo
ooooo
o
ooooo
ooooo
o
ooooo
ooooo
ooooooo
ooooo
ooooo
o
ooooo
ooooo
o
ooooo
ooooo
